1755180886.580398 0.0000000 0.0000000 0.0000000 -0.0000000 -0.0000000 -0.0000000 1.0000000
1755180889.347114 4.6769519 -0.2373021 1.0029435 -0.0435162 -0.1518224 0.0150265 0.9873350
1755180889.380345 4.7121506 -0.2458459 1.0101708 -0.0445288 -0.1536900 0.0139792 0.9870163
1755180889.480383 4.8328781 -0.2512443 1.0367196 -0.0475519 -0.1599291 0.0120159 0.9859093
1755180889.513826 4.8702927 -0.2543903 1.0525336 -0.0489720 -0.1618898 0.0117054 0.9855234
1755180889.613748 5.0153403 -0.2612996 1.1344088 -0.0523897 -0.1719905 0.0109161 0.9836440
1755180889.713690 5.0961604 -0.2588800 1.2022743 -0.0517868 -0.1801238 0.0092327 0.9822364
1755180889.880353 5.2272024 -0.2746520 1.3384243 -0.0507859 -0.1888969 0.0042858 0.9806734
1755180890.080501 5.3879185 -0.2797846 1.5497407 -0.0525542 -0.2021154 0.0037527 0.9779434
1755180890.213746 5.4658670 -0.2714101 1.6639007 -0.0549125 -0.2122777 0.0029171 0.9756610
1755180890.380365 5.5339627 -0.2457483 1.7961987 -0.0581003 -0.2262517 -0.0012811 0.9723337
1755180891.313794 6.2719913 -0.3428662 2.2712770 -0.0628247 -0.2875566 -0.0089497 0.9556591
1755180891.813727 6.9100018 -0.4580455 2.3170114 -0.0576431 -0.3239207 -0.0219200 0.9440722
1755180892.047096 7.1721740 -0.5178350 2.3697145 -0.0513623 -0.3440255 -0.0309194 0.9370445
1755180892.347154 7.5360756 -0.5868797 2.4530063 -0.0500740 -0.3787974 -0.0424239 0.9231497
1755180892.613691 7.9109459 -0.6403167 2.5224724 -0.0520844 -0.4035839 -0.0506411 0.9120541
1755180892.847122 8.2262506 -0.6930985 2.6099381 -0.0530226 -0.4191715 -0.0514696 0.9048949
1755180893.047024 8.5268307 -0.7417992 2.7106833 -0.0551110 -0.4352769 -0.0526852 0.8970625
1755180893.313689 8.8415203 -0.7836865 2.8582554 -0.0562585 -0.4614761 -0.0621210 0.8831850
1755180893.847580 9.2995348 -0.8301088 3.0803459 -0.0578274 -0.5169137 -0.0866547 0.8496748
1755180894.080365 9.5099249 -0.8542715 3.1969843 -0.0529881 -0.5357558 -0.1007481 0.8366647
1755180894.647053 10.1317043 -0.8932582 3.5680466 -0.0432595 -0.5598106 -0.1109111 0.8200240
1755180895.347324 11.0563450 -0.9216806 4.2988424 -0.0558533 -0.5807748 -0.1145657 0.8040248
1755180895.647048 11.5044699 -0.9564575 4.6063232 -0.0563063 -0.5995665 -0.1245707 0.7885631
1755180896.247050 12.3516226 -1.1127961 5.2435579 -0.0606050 -0.6290976 -0.1381821 0.7625412
1755180896.580390 12.7039709 -1.2409300 5.6540623 -0.0619762 -0.6403726 -0.1405646 0.7525447
1755180896.913776 12.9804935 -1.3264706 6.0145063 -0.0605697 -0.6628301 -0.1497068 0.7311468
1755180897.713858 13.6036510 -1.4830303 7.1227431 -0.0590943 -0.6811574 -0.1595351 0.7120963
1755180898.080460 13.8568220 -1.6614103 7.7647910 -0.0580314 -0.6923078 -0.1668543 0.6996442
1755180898.480356 14.0259275 -1.9316974 8.4352894 -0.0437702 -0.7148823 -0.1673820 0.6775035
1755180898.880431 14.1414099 -2.2115049 9.0320168 -0.0289131 -0.7283716 -0.1712145 0.6628155
1755180899.247026 14.0227499 -2.4390426 9.5953588 -0.0083915 -0.7331873 -0.1720673 0.6578441
1755180899.880437 13.8774643 -2.6115894 10.4828548 0.0017655 -0.7463370 -0.1937375 0.6367446
1755180900.213770 13.7694244 -2.6239705 10.9892817 0.0090958 -0.7493985 -0.2041721 0.6297880
1755180900.513772 13.6895571 -2.6458917 11.3916626 0.0138129 -0.7556750 -0.2159907 0.6181525
1755180900.813791 13.6405630 -2.7252374 11.7540493 0.0110511 -0.7651367 -0.2164701 0.6062874
1755180901.147051 13.6371326 -2.8822641 12.0950909 0.0032050 -0.7756259 -0.2059141 0.5966520
1755180901.513767 13.7707243 -3.1624255 12.4767466 -0.0156964 -0.7966967 -0.1811905 0.5763662
1755180901.847110 13.9399385 -3.3598022 12.8136177 -0.0380410 -0.8129629 -0.1697838 0.5557135
1755180902.447120 13.8778286 -3.7944798 13.2655420 -0.0582626 -0.8201694 -0.1529095 0.5482210
1755180902.747023 13.6898775 -3.9669063 13.3940907 -0.0855345 -0.8294770 -0.1522185 0.5305482
1755180903.080363 13.3954077 -4.2448826 13.4268866 -0.0776699 -0.8499773 -0.1408508 0.5016642
1755180904.713697 12.6003780 -4.9701099 15.3927498 -0.0375648 -0.9032622 -0.1867726 0.3844766
1755180905.047026 12.4896126 -4.9722118 15.9500065 -0.0470823 -0.9018262 -0.2023955 0.3788520
1755180905.413982 12.2197227 -4.9713030 16.6063766 -0.0365376 -0.9000731 -0.2193825 0.3747064
1755180905.813690 11.8471985 -5.0791292 17.2277069 -0.0232808 -0.9030607 -0.2205332 0.3678377
1755180906.180508 11.5099297 -5.0881100 17.7743645 -0.0247695 -0.9034024 -0.2269022 0.3629959
1755180906.580356 11.1560650 -5.0433588 18.3031044 -0.0309783 -0.9099981 -0.2305368 0.3432150
1755180906.947185 10.9022484 -4.9747171 18.8689957 -0.0344810 -0.9131070 -0.2372304 0.3298007
1755180907.780411 10.1909370 -4.7485662 19.9828873 -0.0243368 -0.9243789 -0.2679401 0.2704431
1755180908.680546 8.6258411 -4.7222872 20.3805904 -0.0197552 -0.9451496 -0.2594263 0.1974843
1755180909.547393 7.0046120 -4.9752169 20.0593052 -0.0084083 -0.9622114 -0.2339699 0.1390559
1755180909.980354 6.2644520 -4.9122782 19.7811546 0.0116583 -0.9652620 -0.2388880 0.1051945
1755180910.413721 5.4794044 -4.7996278 19.6094303 0.0228481 -0.9670249 -0.2376472 0.0886833
1755180910.813700 4.8769474 -4.7187662 19.7914600 0.0251762 -0.9675346 -0.2428364 0.0653717
1755180912.013681 3.1487331 -4.7276654 20.1382561 -0.0089891 0.9656684 0.2546375 0.0506303
1755180912.313866 2.6665554 -4.8523283 20.0884533 -0.0108258 0.9670596 0.2453217 0.0670507
1755180912.613731 2.2020350 -4.9504666 20.0271759 -0.0059935 0.9669055 0.2382643 0.0910379
1755180912.880347 1.8167610 -4.9674916 19.9414215 -0.0004150 0.9654889 0.2368480 0.1083243
1755180913.113770 1.5183029 -4.9470172 19.8377342 -0.0020204 0.9639989 0.2361351 0.1222385
1755180913.413813 1.0737162 -4.8343906 19.7019367 -0.0046822 0.9604295 0.2417546 0.1382314
1755180913.647026 0.7557535 -4.7758455 19.6021004 -0.0030065 0.9587358 0.2423639 0.1485814
1755180913.947214 0.2606783 -4.7290120 19.5044746 0.0024950 0.9541942 0.2478640 0.1675431
1755180914.213728 -0.2146358 -4.7092724 19.4534302 0.0082952 0.9478816 0.2541915 0.1919332
1755180914.480376 -0.6929131 -4.7219338 19.3981667 0.0130876 0.9417996 0.2560750 0.2174120
1755180915.013690 -1.8211451 -4.6802464 19.1692162 0.0189834 0.9301928 0.2727310 0.2449467
1755180915.580356 -2.7423286 -4.4771323 18.7880554 0.0117428 0.9120859 0.2946707 0.2848346
1755180915.880474 -3.2059336 -4.3659344 18.5244637 0.0041870 0.9004904 0.3020485 0.3128358
1755180916.213783 -3.6602535 -4.2830267 18.1867981 -0.0086430 0.8910900 0.3096453 0.3316680
1755180916.513686 -4.0557785 -4.2156444 17.8209763 -0.0108563 0.8811451 0.3147105 0.3527360
1755180916.913796 -4.4980927 -4.2053156 17.3038063 -0.0181536 0.8642908 0.3120573 0.3940712
1755180917.213717 -4.8526630 -4.1060672 16.9318027 -0.0173824 0.8495860 0.3063276 0.4290280
1755180917.513780 -5.2018127 -4.0471630 16.5928040 -0.0147981 0.8338012 0.2977313 0.4646641
1755180917.813739 -5.6482944 -3.9847481 16.2143459 -0.0132380 0.8225459 0.2900598 0.4889871
1755180918.113775 -6.0981407 -4.0104742 15.8318748 -0.0089534 0.8070175 0.2870728 0.5159765
1755180920.647160 -7.4827499 -3.4093049 11.7090225 -0.0407824 0.7051545 0.2316509 0.6689034
1755180921.180514 -7.2337942 -3.2628493 10.8055525 -0.0325270 0.6695587 0.2187252 0.7090786
1755180921.480608 -7.1306438 -3.1565137 10.2769184 -0.0179941 0.6422700 0.2082295 0.7374321
1755180922.047136 -7.0224724 -2.7982521 9.2154169 -0.0131528 0.6166692 0.2147299 0.7572564
1755180922.280456 -7.0324640 -2.6498032 8.7750139 -0.0149763 0.6049113 0.2166373 0.7661111
1755180922.547342 -7.0165014 -2.4573274 8.3700485 -0.0197175 0.5887763 0.2141415 0.7791644
1755180922.780453 -6.9757156 -2.2423346 7.9971099 -0.0265325 0.5673863 0.2121540 0.7952105
1755180922.980362 -6.8884654 -2.0657344 7.7372708 -0.0334594 0.5511126 0.2085337 0.8072602
1755180923.980454 -6.2157664 -1.3754483 6.4218059 -0.0393965 0.4913094 0.2167603 0.8426612
1755180924.747090 -5.6131725 -0.8179104 5.4708486 -0.0383008 0.4254785 0.2045227 0.8807222
1755180925.313803 -5.1087165 -0.5923342 4.7979717 -0.0291857 0.3555972 0.2049991 0.9114133
1755180927.847130 -2.1666658 -1.0137447 2.8407834 -0.0014432 0.2272165 0.1468037 0.9627146
1755180928.147127 -1.7500007 -1.0965285 2.5933356 -0.0089447 0.2038170 0.1411230 0.9687430
1755180928.480444 -1.3121228 -1.1072670 2.4082072 -0.0143510 0.1681931 0.1255359 0.9776226
1755180928.780461 -0.9055949 -1.0213468 2.2604406 -0.0135148 0.1403416 0.1056032 0.9843625
1755180929.080395 -0.5877218 -0.9056463 2.0422122 -0.0095296 0.1199522 0.0903955 0.9886098
1755180929.380370 -0.2989036 -0.7205386 1.7421967 -0.0095434 0.1034843 0.0958096 0.9899598
1755180929.680472 -0.0360725 -0.4982781 1.5538805 -0.0063155 0.0876308 0.0918975 0.9918850
1755180930.047018 0.2688784 -0.1750638 1.4501528 -0.0095005 0.0678096 0.0957453 0.9930481
1755180930.380361 0.5428910 0.0898013 1.4473863 -0.0127965 0.0509550 0.0972556 0.9938718
1755180931.747026 1.7407124 0.7174563 1.5805813 -0.0262517 -0.0553208 0.0841342 0.9945712
1755180932.113735 1.9877896 0.8523734 1.6596731 -0.0342849 -0.1006537 0.0739124 0.9915797
1755180932.447014 2.3025565 1.0175090 1.6879983 -0.0328750 -0.1351232 0.0689778 0.9878781
1755180932.813766 2.7218792 1.1830374 1.6488413 -0.0376719 -0.1681058 0.0627244 0.9830498
1755180933.213709 3.1360531 1.3292810 1.6380868 -0.0463833 -0.1964966 0.0496945 0.9781452
1755180933.580464 3.4597597 1.4131885 1.7100003 -0.0414843 -0.2186413 0.0381583 0.9741760
1755180933.880358 3.7196932 1.4969953 1.7222008 -0.0362011 -0.2316168 0.0321786 0.9716006
1755180934.180493 4.0200577 1.6287503 1.6969420 -0.0379263 -0.2394128 0.0323782 0.9696364
1755180934.480386 4.3319654 1.7139164 1.6848316 -0.0427509 -0.2417102 0.0434747 0.9684310
1755180934.780439 4.6559076 1.7712746 1.6989971 -0.0443564 -0.2423089 0.0466496 0.9680614
1755180935.047046 5.0289092 1.8480886 1.7361311 -0.0486810 -0.2424367 0.0493326 0.9676884
1755180935.380468 5.5235558 1.8548276 1.8368868 -0.0511624 -0.2428504 0.0512641 0.9673563
1755180940.447296 10.6824017 1.0284249 5.4695997 -0.0784151 -0.4960740 -0.0897212 0.8600650
1755180941.047118 11.1166401 0.7759534 6.0197587 -0.0705948 -0.5439129 -0.1489835 0.8227873
1755180947.713689 11.7187023 -2.6141925 14.4440393 -0.0606210 -0.8695980 -0.2350736 0.4299591
1755180948.347071 11.5214214 -3.0636706 15.6276360 -0.0433375 -0.8837799 -0.2290626 0.4056913
1755180948.913690 11.2892103 -3.3019242 16.6701488 -0.0412224 -0.8948669 -0.2534335 0.3650829
1755180950.213720 10.5044947 -3.8673239 18.8076668 -0.0348024 -0.9262717 -0.2827231 0.2467328
1755180950.813691 9.7821646 -3.9898882 19.5032806 -0.0287062 -0.9277480 -0.2892918 0.2340299
1755180953.580537 6.5025086 -4.8608494 20.4565105 -0.0681576 -0.9470771 -0.3135242 0.0101069
1755180955.247050 3.6902866 -5.8170977 21.1529827 0.0865368 0.9350163 0.3176927 0.1316329
1755180957.280489 -0.2557983 -5.9120460 20.1422100 0.0555416 0.9040836 0.3368945 0.2570021
1755180957.813734 -1.4384251 -6.1216850 19.6137066 0.0703676 0.8973369 0.3331685 0.2807733
1755180958.447085 -2.8719406 -6.4209204 19.2115898 0.0614024 0.8875977 0.3187869 0.3267643
1755180959.347098 -4.8441048 -5.5799785 18.4688511 -0.0087353 0.8489907 0.3094002 0.4282639
1755180960.313694 -6.3154583 -4.9635239 17.3361340 -0.0454695 0.8002374 0.3063687 0.5135084
1755180960.980425 -7.0478306 -4.6643515 16.4157429 -0.0374088 0.7542604 0.2947935 0.5854815
1755180961.547156 -7.6780243 -4.4159160 15.4975605 -0.0366988 0.7101815 0.2815436 0.6442272
1755180962.080408 -8.0594540 -4.1920409 14.6172009 -0.0382018 0.6743792 0.2733657 0.6848537
1755180962.613691 -8.3070297 -3.8712480 13.6876888 -0.0447915 0.6453933 0.2621871 0.7160441
1755180964.147021 -8.9171524 -2.9046664 10.7200775 -0.0512478 0.5162329 0.2416250 0.8200577
1755180964.613758 -8.9034767 -2.6438718 9.7223148 -0.0519706 0.4912712 0.2323959 0.8378209
1755180965.113796 -8.8669605 -2.3373592 8.6259594 -0.0593156 0.4731639 0.2198256 0.8510430
1755180965.580455 -8.7252960 -2.0655196 7.6530957 -0.0626466 0.4566420 0.2078363 0.8627616
1755180966.413958 -8.0944977 -1.6022979 6.1028543 -0.0641468 0.4259697 0.1961933 0.8808764
1755180966.780369 -7.7453566 -1.4723359 5.4789758 -0.0658344 0.4071338 0.1954030 0.8897896
1755180967.747024 -6.9010468 -1.5138664 4.6297312 -0.0779500 0.4380935 0.2238739 0.8671092
1755180969.547112 -7.4675364 -2.4420002 6.0543957 -0.1047165 0.5896318 0.2622233 0.7567085
1755180970.980420 -7.8178835 -2.9834886 8.4436636 -0.0869800 0.6702143 0.2966351 0.6747259
1755180971.447127 -7.7823658 -3.2652512 9.2134705 -0.0811680 0.7110339 0.3193203 0.6211900
1755180971.947192 -7.7175560 -3.5769787 9.9551573 -0.0740711 0.7365718 0.3307096 0.5853261
1755180972.380401 -7.5106077 -3.7441292 10.7742481 -0.0574295 0.7477363 0.3251608 0.5760753
1755180973.047068 -6.8039427 -4.0478811 11.9818735 -0.0286020 0.7738856 0.2895398 0.5625386
1755180973.680384 -5.8757935 -4.3290796 13.0189886 -0.0196939 0.8020298 0.2667629 0.5340391
1755180974.380442 -4.9530964 -4.7315006 14.0791130 -0.0253349 0.8048321 0.2754497 0.5251008
1755180975.013689 -4.1306801 -5.0816751 14.8194838 -0.0195300 0.8183766 0.2581343 0.5130741
1755180975.647136 -3.5599079 -5.3884315 15.6285620 0.0155262 0.8514697 0.2688928 0.4499500
1755180976.347143 -2.6341724 -5.3732061 16.3911552 -0.0200081 0.8851261 0.2791747 0.3717701
1755180977.813801 -0.1956100 -5.3296590 17.5813904 -0.0130822 0.9269353 0.3053840 0.2176247
1755180978.713726 0.7097397 -5.7857080 18.6894913 -0.0088208 0.9425111 0.3089823 0.1269846
1755180979.480442 1.6231756 -5.8978410 19.5539322 -0.0087569 0.9446461 0.3235486 0.0536982
1755180980.180593 2.5708814 -5.9348545 20.2951889 -0.0071261 -0.9439479 -0.3278038 0.0381600
1755180981.180375 3.9505482 -6.0841961 21.2926350 -0.0207110 -0.9402202 -0.3157763 0.1258665
1755180983.113769 7.0069466 -5.8098984 21.3198166 -0.0256815 -0.9173748 -0.2904671 0.2709112
1755180984.213832 8.6093893 -5.3125730 20.5172157 -0.0186302 -0.9123057 -0.2722606 0.3053282
1755180986.247128 11.3646698 -4.3318586 18.4154778 -0.0285309 -0.8745980 -0.2881812 0.3888651
1755180987.113800 12.0443029 -4.0353985 17.2558823 -0.0341232 -0.8576270 -0.2760491 0.4325603
1755180987.980354 12.3784704 -3.6048288 16.1453171 -0.0489947 -0.8350284 -0.2736872 0.4747866
1755180988.647123 12.6202431 -3.2810082 15.3301039 -0.0453467 -0.8064914 -0.2622884 0.5279395
1755180989.280383 13.0169744 -3.1580231 14.5747700 -0.0403252 -0.7773768 -0.2643545 0.5693644
1755180990.047034 13.3224916 -2.8614619 13.5025101 -0.0644219 -0.7517353 -0.2463841 0.6083082
1755180990.647035 13.2317677 -2.4844985 12.7251854 -0.0749525 -0.7356878 -0.2508810 0.6246634
1755180991.247028 12.8346605 -2.1434689 11.9396496 -0.0982687 -0.7141808 -0.2433878 0.6488847
1755180991.813798 12.4723034 -2.0104251 11.1983776 -0.0983613 -0.7017003 -0.2420180 0.6628492
1755180992.447042 12.3449373 -1.9944955 10.4318409 -0.0901054 -0.6753920 -0.2420936 0.6907368
1755180993.180359 12.5654974 -1.9243054 9.6711006 -0.0944697 -0.6017089 -0.2265516 0.7600633
1755180994.680459 13.1127567 -1.0204868 7.4953718 -0.1286954 -0.5092402 -0.1675988 0.8342797
1755180995.480470 12.6379786 -0.7390987 6.2403660 -0.1050248 -0.4570863 -0.1502875 0.8703192
1755180996.380555 11.7063475 -0.6132592 5.0686960 -0.1043970 -0.4167496 -0.1189015 0.8951444
1755180997.213777 10.9326420 -0.4053687 4.3342533 -0.1070969 -0.3742065 -0.1055118 0.9150776
1755180997.947084 9.9496822 -0.3037092 3.7495289 -0.0979708 -0.3269259 -0.1128355 0.9331610
1755180998.713844 8.8802605 -0.3539301 3.2315135 -0.0857762 -0.2589005 -0.0979116 0.9570926
1755180999.480452 7.9354911 -0.2119280 2.9543803 -0.1009784 -0.2037666 -0.0675432 0.9714528
1755181000.313747 6.6291728 -0.1129388 2.3586543 -0.1273953 -0.1662451 -0.0544982 0.9763007
1755181001.113686 5.4936252 -0.0695426 1.7701906 -0.1305712 -0.0772330 -0.0297480 0.9879784
1755181001.980355 4.2173314 0.2354583 0.9886090 -0.1148878 -0.0243133 -0.0051314 0.9930676
1755181002.713753 3.1465154 0.6809189 0.3120359 -0.1195121 0.0494116 0.0247713 0.9912930
1755181003.313761 2.0775950 0.7228610 -0.1405640 -0.1246387 0.1114770 0.0287667 0.9855002
1755181003.880378 1.3392706 0.6523705 -0.2211171 -0.0999761 0.1902606 0.0688323 0.9742011
1755181004.513755 0.6168578 0.6756843 -0.2126841 -0.1041016 0.2404584 0.0811714 0.9616412
1755181005.180455 -0.3194687 0.5628908 -0.0322878 -0.0963142 0.2893816 0.0696853 0.9498031
1755181005.780399 -1.0181302 0.5201935 0.2097165 -0.0770684 0.3581631 0.0996451 0.9251219
1755181006.413916 -1.5313551 0.3414488 0.5081148 -0.0680011 0.4325016 0.1311201 0.8894525
1755181006.947250 -2.1718698 0.1226703 0.7792616 -0.0695228 0.4759570 0.1381803 0.8657585
1755181007.447015 -2.4533460 -0.0848128 1.1177995 -0.0635590 0.5256363 0.1571486 0.8336493
1755181008.047077 -2.7641029 -0.5502343 1.4541492 -0.0443923 0.5906705 0.1465400 0.7922523
1755181008.747108 -3.0904644 -0.9896433 2.0361121 -0.0532416 0.5999144 0.1397969 0.7859547
1755181009.213783 -3.4068549 -1.4671930 2.2091074 -0.0222413 0.6353160 0.1146612 0.7633687
1755181009.647028 -4.1390371 -1.4962795 2.3810835 -0.0321434 0.6314312 0.1301235 0.7637600
1755181010.013755 -5.0335093 -1.3541795 2.7747815 -0.0767368 0.6128715 0.1400297 0.7738810
1755181010.647127 -6.1023393 -1.4717064 4.0349979 -0.0686691 0.5971740 0.1230187 0.7896418
